1 0 6 3  0 200 -100
1 1 6 3  0 1 1 1 2 2  300 200 200 200 100 100
1 1 6 3  0 0 1 1 2 2  0 0 200 200 -100 -100

2 0 6 2  200 0
2 1 4 2  0 0 1 1  200 200 600 600
2 1 4 2  0 1 1 1  200 0 0 0
2 1 4 2  0 0 0 1  200 200 200 0

3 0 12 2  300 0
3 1 4 2  0 0 0 1  100 100 100 150
3 1 4 2  0 1 1 1  100 50 50 50

4 0 6 5  100 350 0 0 67
4 1 6 5  0 1 1 2 3 4  100 350 350 300 500 400

5 0 6 4  0 0 0 100
5 1 6 4  0 1 1 2 2 2  400 300 300 0 0 0
5 1 6 4  0 0 2 2 2 2  0 0 200 200 200 200

6 0 6 3  -100 200 -50
6 1 6 3  0 0 0 0 1 2  -100 -100 -100 -100 -300 0
6 1 6 3  0 1 1 1 1 2  0 200 200 200 200 100
6 1 6 3  0 1 2 2 2 2  0 0 -50 -50 -50 -50

7 0 6 2 -300 100

8 0 7 2  100 125
8 0 9 2  100 118

9 0 6 4  0 100 0 0
9 1 6 4  0 0 0 1 1 2  200 200 200 100 100 0
9 1 6 4  0 0 0 1 2 2  -200 -200 -200 0 0 0
9 1 6 4  0 1 2 2 2 3  -200 0 0 0 0 50

10 0 6 3  300 -100  -50
10 1 6 3  0 0 0 0 2 2  300 300 300 300 -50 -50
10 1 6 3  0 0 0 1 2 2  -200 -200 -200 -100 -50 -50

11 0 6 4  100 -100 0 0
11 1 6 4  1 1 1 2 2 2  -100 -100 -100 250 250 250
11 1 6 4  0 1 1 2 2 3  100 200 200 250 250 300

12 0 6 4  0 200 100 0
12 1 6 4  0 1 1 1 2 3  300 200 200 200 100 0
12 1 6 4  2 2 3 3 3 3  100 100 400 400 400 400

13 0 6 4  300 200 -100 -600
13 1 6 4  0 1 2 3 3 3  -400 -200 -100 -300 -300 -300
13 1 6 4  0 1 2 2 2 3  300 200 -100 -100 -100 -100

14 0 10 4  0 0 0 0
14 1 10 4  0 1 1 1 2 2 2 2 3 3  300 200 200 200 100 100 100 100 200 200
14 1 10 4  0 0 1 1 1 1 3 3 3 3  0 0 0 0 0 0 200 200 200 200

15 0 6 3  -100 300 100
15 1 6 3  0 0 1 1 2 2  100 100 200 200 100 100

16 0 6 3  -100 -100 -400
16 1 6 3  0 0 1 1 1 2  0 0 -100 -100 -100 0
16 1 6 3  0 0 2 2 2 2  -100 -100 -400 -400 -400 -400

17 0 6 3  -300 100 -100
17 1 6 3  0 0 0 2 2 2  300 300 300 -100 -100 -100
17 1 6 3  0 0 0 0 2 2  -300 -300 -300 -300 200 200

18 0 6 3  83 83 50
18 1 6 3  1 2 2 2 2 2  500 60 60 60 60 60
18 1 6 3  0 1 1 1 1 1  200 100 100 100 100 100
18 1 6 3  1 1 1 2 2 2  167 167 167 100 100 100
18 1 6 3  0 0 1 1 2 2  250 250 250 250 150 150

19 0 6 3  -100 0 100
19 1 6 3  0 2 2 2 2 2  200 100 100 100 100 100
19 1 6 3  0 0 0 0 1 2  -100 -100 -100 -100 0 -200

20 0 6 3  100 0 300
20 1 6 3  1 2 2 2 2 2  500 300 300 300 300 300
20 1 6 3  0 1 1 1 1 1  600 0 0 0 0 0
20 1 6 3  1 1 1 1 2 2  50 50 50 50 300 300
20 1 6 3  0 0 1 1 2 2  200 200 100 100 300 300

21 0 6 2  -200 0
21 1 6 2  0 1 1 1 1 1  -200 0 0 0 0 0

22 0 6 5  100 0 -100 -200 -450
22 1 6 5  0 1 2 3 4 4  0 -100 -200 -300 -250 -250

23 0 6 2  100 0
23 1 6 2  0 0 0 1 1 1  100 100 100 0 0 0

24 0 6 4  -200 0 -200 -50
24 1 6 4  0 1 1 1 2 3  200 0 0 0 200 0
24 1 6 4  0 0 1 1 2 2  0 0 0 0 0 0
24 1 6 4  0 0 0 2 2 3  -200 -200 -200 0 0 0
24 1 6 4  0 0 2 2 3 3  -200 -200 -200 -200 -50 -50

25 0 6 8  0 100 200 300 400 500 600 700
25 1 6 8  1 2 2 2 2 2  100 0 0 0 0 0
25 1 6 8  6 7 7 7 7 7  600 0 0 0 0 0
25 1 6 8  1 1 1 7 7 7  0 0 0 0 0 0

26 0 6 3  150 0 -200
26 1 6 3  0 0 1 1 1 1  -100 -100 0 0 0 0
26 1 6 3  1 1 2 2 2 2  100 100 -200 -200 -200 -200
26 1 6 3  2 2 0 0 0 0  200 200 150 150 150 150
26 1 6 3  0 0 0 1 1 1  -100 -100 -100 100 100 100 

27 0 6 4  -100 -100 -100 0
27 1 6 4  0 1 2 3 3 3  150 50 100 0 0 0
27 1 6 4  0 0 0 1 1 2  -100 -100 -100 0 0 100
27 1 6 4  0 0 1 1 2 2  -100 -100 -150 -150 -150 -150

28 0 6 4  -200 -100 0 150
28 1 6 4  0 0 0 1 3 3  -200 -200 -200 100 -150 -150
28 1 6 4  0 0 2 3 3 3  200 200 0 150 150 150

29 0 6 4  50 -50 -100 -250
29 1 6 4  0 0 1 1 1 2  100 100 -50 -50 -50 200
29 1 6 4  0 1 2 2 2 3  50 150 -100 -100 -100 400

30 0 6 4  -100 0 -50 -3000
30 1 6 4  0 0 0 1 1 1  0 0 0 0 0 0
30 1 6 4  0 1 2 2 2 2  0 0 -50 -50 -50 -50
30 1 6 4  0 1 2 3 3 3  0 0 0 -3000 -3000 -3000
30 1 6 4  0 1 1 1 2 3  100 0 0 0 100 100

31 0 6 4  150 50 0 -200
31 1 6 4  0 0 3 3 3 3  -350 -350 -200 -200 -200 -200
31 1 6 4  0 1 1 2 3 3  500 50 50 0 -200 -200

32 0 6 4  100 -300 100 0
32 1 5 4  0 0 1 2 3  100 100 400 -100 100
32 1 5 4  0 1 1 2 3  200 -300 -300 200 300
32 1 5 4  0 1 2 2 3  200 300 100 100 -100
32 1 5 4  0 1 2 3 3  100 300 100 0 0
32 1 4 4  1 1 3 3  300 300 0 0

33 0 6 3  100 0 0
33 1 6 3  0 0 0 1 1 1  100 100 100 0 0 0
33 1 6 3  0 1 1 2 2 2  0 300 300 0 0 0
33 1 5 3  0 1 1 2 2  0 300 300 600 600

34 0 6 4  0 0 100 50
34 1 6 4  0 1 1 2 2 3  300 0 0 100 100 50
34 1 6 4  0 0 0 1 1 2  0 0 0 200 200 100